1.987108,2.331390,1.550434,2.271104,2.715323,2.632693,1.978058,2.113422,2.002615,2.336856,2.758680,1.983280,2.604472,2.154418,1.994252
3.050267,3.554461,1.817770,2.858907,2.472561,3.329525,2.594086,2.735858,3.159243,3.217675,3.174275,3.566437,3.142147,3.528678,2.375964
2.630192,3.674182,2.139862,3.533012,2.515733,3.747463,2.811006,2.767895,1.977838,2.998831,4.167590,3.450053,3.463299,4.024855,2.573599
3.126026,3.184867,1.738612,2.548952,2.052962,3.261042,3.082601,2.699823,2.498266,2.361548,3.428306,3.080065,2.587183,3.280565,1.834313
2.754893,3.955066,1.957539,3.275669,3.298514,3.839456,3.848918,3.414936,3.046691,2.577421,4.080699,2.307476,3.840995,4.335458,2.875263
1.586950,2.959088,1.857397,2.000958,2.438492,2.092601,1.925295,2.459167,2.388838,2.068630,2.464286,2.055700,1.861012,2.609050,1.677919
2.396089,3.347350,2.628613,3.090772,2.683486,4.016280,3.413099,2.685640,2.433716,2.798318,3.631443,2.880805,3.345828,3.668575,2.267076
3.368154,4.860224,2.614349,4.093849,3.238976,4.628400,3.378001,3.217092,3.230805,3.571677,4.910371,4.057662,4.340393,4.828326,2.987047
2.638107,4.486559,2.471123,2.559204,2.429486,3.617009,2.784115,3.255897,2.913761,2.845643,3.559298,2.640966,3.609462,3.358294,2.490459
2.801409,2.591130,1.581382,2.185208,1.559042,2.978502,2.019446,1.929497,1.936241,1.624170,2.198960,1.842275,1.865467,2.535967,2.101811
2.486042,3.986626,2.616534,3.269145,2.703026,3.160538,2.406490,3.277723,2.234812,1.599818,3.838415,2.565351,3.927445,4.101996,2.387864
3.470303,4.045523,2.186303,3.303412,2.433624,4.068960,3.106838,3.118277,3.027167,2.653147,3.590862,3.528231,3.984404,4.073286,2.672087
2.654299,3.127019,2.090446,2.234162,3.111704,3.383060,2.080404,3.236598,1.971565,2.339057,2.932705,2.720596,3.122149,3.232622,1.850442
2.607907,3.907022,2.659410,3.429615,2.360938,3.817644,3.138064,2.606924,2.252702,2.305382,3.777284,3.470632,3.126903,3.653081,2.614584
2.928237,3.683389,1.836814,2.560599,3.332176,3.590808,2.630677,3.054142,2.615586,2.666577,3.184421,3.143386,3.429782,3.671672,2.859083
